FoamFile
{
    version 2.0;
    format ascii;
    class dictionary;
    object blockMeshDict;
}

// Generated by make_variable_mesh.py. Do not edit this file by hand.
scale 1;

vertices
(
    (0.00000 0.00000 0.00000)
    (0.10000 0.00000 0.00000)
    (0.19000 0.00000 0.00000)
    (0.31000 0.00000 0.00000)
    (0.40000 0.00000 0.00000)
    (0.50000 0.00000 0.00000)
    (0.00000 0.10000 0.00000)
    (0.10000 0.10000 0.00000)
    (0.19000 0.10000 0.00000)
    (0.31000 0.10000 0.00000)
    (0.40000 0.10000 0.00000)
    (0.50000 0.10000 0.00000)
    (0.00000 0.19000 0.00000)
    (0.10000 0.19000 0.00000)
    (0.19000 0.19000 0.00000)
    (0.31000 0.19000 0.00000)
    (0.40000 0.19000 0.00000)
    (0.50000 0.19000 0.00000)
    (0.00000 0.31000 0.00000)
    (0.10000 0.31000 0.00000)
    (0.19000 0.31000 0.00000)
    (0.31000 0.31000 0.00000)
    (0.40000 0.31000 0.00000)
    (0.50000 0.31000 0.00000)
    (0.00000 0.40000 0.00000)
    (0.10000 0.40000 0.00000)
    (0.19000 0.40000 0.00000)
    (0.31000 0.40000 0.00000)
    (0.40000 0.40000 0.00000)
    (0.50000 0.40000 0.00000)
    (0.00000 0.50000 0.00000)
    (0.10000 0.50000 0.00000)
    (0.19000 0.50000 0.00000)
    (0.31000 0.50000 0.00000)
    (0.40000 0.50000 0.00000)
    (0.50000 0.50000 0.00000)
    (0.00000 0.00000 0.04000)
    (0.10000 0.00000 0.04000)
    (0.19000 0.00000 0.04000)
    (0.31000 0.00000 0.04000)
    (0.40000 0.00000 0.04000)
    (0.50000 0.00000 0.04000)
    (0.00000 0.10000 0.04000)
    (0.10000 0.10000 0.04000)
    (0.19000 0.10000 0.04000)
    (0.31000 0.10000 0.04000)
    (0.40000 0.10000 0.04000)
    (0.50000 0.10000 0.04000)
    (0.00000 0.19000 0.04000)
    (0.10000 0.19000 0.04000)
    (0.19000 0.19000 0.04000)
    (0.31000 0.19000 0.04000)
    (0.40000 0.19000 0.04000)
    (0.50000 0.19000 0.04000)
    (0.00000 0.31000 0.04000)
    (0.10000 0.31000 0.04000)
    (0.19000 0.31000 0.04000)
    (0.31000 0.31000 0.04000)
    (0.40000 0.31000 0.04000)
    (0.50000 0.31000 0.04000)
    (0.00000 0.40000 0.04000)
    (0.10000 0.40000 0.04000)
    (0.19000 0.40000 0.04000)
    (0.31000 0.40000 0.04000)
    (0.40000 0.40000 0.04000)
    (0.50000 0.40000 0.04000)
    (0.00000 0.50000 0.04000)
    (0.10000 0.50000 0.04000)
    (0.19000 0.50000 0.04000)
    (0.31000 0.50000 0.04000)
    (0.40000 0.50000 0.04000)
    (0.50000 0.50000 0.04000)
    (0.00000 0.00000 0.22000)
    (0.10000 0.00000 0.22000)
    (0.19000 0.00000 0.22000)
    (0.31000 0.00000 0.22000)
    (0.40000 0.00000 0.22000)
    (0.50000 0.00000 0.22000)
    (0.00000 0.10000 0.22000)
    (0.10000 0.10000 0.22000)
    (0.19000 0.10000 0.22000)
    (0.31000 0.10000 0.22000)
    (0.40000 0.10000 0.22000)
    (0.50000 0.10000 0.22000)
    (0.00000 0.19000 0.22000)
    (0.10000 0.19000 0.22000)
    (0.19000 0.19000 0.22000)
    (0.31000 0.19000 0.22000)
    (0.40000 0.19000 0.22000)
    (0.50000 0.19000 0.22000)
    (0.00000 0.31000 0.22000)
    (0.10000 0.31000 0.22000)
    (0.19000 0.31000 0.22000)
    (0.31000 0.31000 0.22000)
    (0.40000 0.31000 0.22000)
    (0.50000 0.31000 0.22000)
    (0.00000 0.40000 0.22000)
    (0.10000 0.40000 0.22000)
    (0.19000 0.40000 0.22000)
    (0.31000 0.40000 0.22000)
    (0.40000 0.40000 0.22000)
    (0.50000 0.40000 0.22000)
    (0.00000 0.50000 0.22000)
    (0.10000 0.50000 0.22000)
    (0.19000 0.50000 0.22000)
    (0.31000 0.50000 0.22000)
    (0.40000 0.50000 0.22000)
    (0.50000 0.50000 0.22000)
    (0.00000 0.00000 0.25000)
    (0.10000 0.00000 0.25000)
    (0.19000 0.00000 0.25000)
    (0.31000 0.00000 0.25000)
    (0.40000 0.00000 0.25000)
    (0.50000 0.00000 0.25000)
    (0.00000 0.10000 0.25000)
    (0.10000 0.10000 0.25000)
    (0.19000 0.10000 0.25000)
    (0.31000 0.10000 0.25000)
    (0.40000 0.10000 0.25000)
    (0.50000 0.10000 0.25000)
    (0.00000 0.19000 0.25000)
    (0.10000 0.19000 0.25000)
    (0.19000 0.19000 0.25000)
    (0.31000 0.19000 0.25000)
    (0.40000 0.19000 0.25000)
    (0.50000 0.19000 0.25000)
    (0.00000 0.31000 0.25000)
    (0.10000 0.31000 0.25000)
    (0.19000 0.31000 0.25000)
    (0.31000 0.31000 0.25000)
    (0.40000 0.31000 0.25000)
    (0.50000 0.31000 0.25000)
    (0.00000 0.40000 0.25000)
    (0.10000 0.40000 0.25000)
    (0.19000 0.40000 0.25000)
    (0.31000 0.40000 0.25000)
    (0.40000 0.40000 0.25000)
    (0.50000 0.40000 0.25000)
    (0.00000 0.50000 0.25000)
    (0.10000 0.50000 0.25000)
    (0.19000 0.50000 0.25000)
    (0.31000 0.50000 0.25000)
    (0.40000 0.50000 0.25000)
    (0.50000 0.50000 0.25000)
);

blocks
(
    hex (0 1 7 6 36 37 43 42) (4 4 40) simpleGrading (1.0 1.0 1.0)
    hex (1 2 8 7 37 38 44 43) (12 4 40) simpleGrading (0.2 1.0 1.0)
    hex (2 3 9 8 38 39 45 44) (120 4 40) simpleGrading (1.0 1.0 1.0)
    hex (3 4 10 9 39 40 46 45) (12 4 40) simpleGrading (5.0 1.0 1.0)
    hex (4 5 11 10 40 41 47 46) (4 4 40) simpleGrading (1.0 1.0 1.0)
    hex (6 7 13 12 42 43 49 48) (4 12 40) simpleGrading (1.0 0.2 1.0)
    hex (7 8 14 13 43 44 50 49) (12 12 40) simpleGrading (0.2 0.2 1.0)
    hex (8 9 15 14 44 45 51 50) (120 12 40) simpleGrading (1.0 0.2 1.0)
    hex (9 10 16 15 45 46 52 51) (12 12 40) simpleGrading (5.0 0.2 1.0)
    hex (10 11 17 16 46 47 53 52) (4 12 40) simpleGrading (1.0 0.2 1.0)
    hex (12 13 19 18 48 49 55 54) (4 120 40) simpleGrading (1.0 1.0 1.0)
    hex (13 14 20 19 49 50 56 55) (12 120 40) simpleGrading (0.2 1.0 1.0)
    hex (14 15 21 20 50 51 57 56) (120 120 40) simpleGrading (1.0 1.0 1.0)
    hex (15 16 22 21 51 52 58 57) (12 120 40) simpleGrading (5.0 1.0 1.0)
    hex (16 17 23 22 52 53 59 58) (4 120 40) simpleGrading (1.0 1.0 1.0)
    hex (18 19 25 24 54 55 61 60) (4 12 40) simpleGrading (1.0 5.0 1.0)
    hex (19 20 26 25 55 56 62 61) (12 12 40) simpleGrading (0.2 5.0 1.0)
    hex (20 21 27 26 56 57 63 62) (120 12 40) simpleGrading (1.0 5.0 1.0)
    hex (21 22 28 27 57 58 64 63) (12 12 40) simpleGrading (5.0 5.0 1.0)
    hex (22 23 29 28 58 59 65 64) (4 12 40) simpleGrading (1.0 5.0 1.0)
    hex (24 25 31 30 60 61 67 66) (4 4 40) simpleGrading (1.0 1.0 1.0)
    hex (25 26 32 31 61 62 68 67) (12 4 40) simpleGrading (0.2 1.0 1.0)
    hex (26 27 33 32 62 63 69 68) (120 4 40) simpleGrading (1.0 1.0 1.0)
    hex (27 28 34 33 63 64 70 69) (12 4 40) simpleGrading (5.0 1.0 1.0)
    hex (28 29 35 34 64 65 71 70) (4 4 40) simpleGrading (1.0 1.0 1.0)
    hex (36 37 43 42 72 73 79 78) (4 4 90) simpleGrading (1.0 1.0 1.0)
    hex (37 38 44 43 73 74 80 79) (12 4 90) simpleGrading (0.2 1.0 1.0)
    hex (38 39 45 44 74 75 81 80) (120 4 90) simpleGrading (1.0 1.0 1.0)
    hex (39 40 46 45 75 76 82 81) (12 4 90) simpleGrading (5.0 1.0 1.0)
    hex (40 41 47 46 76 77 83 82) (4 4 90) simpleGrading (1.0 1.0 1.0)
    hex (42 43 49 48 78 79 85 84) (4 12 90) simpleGrading (1.0 0.2 1.0)
    hex (43 44 50 49 79 80 86 85) (12 12 90) simpleGrading (0.2 0.2 1.0)
    hex (44 45 51 50 80 81 87 86) (120 12 90) simpleGrading (1.0 0.2 1.0)
    hex (45 46 52 51 81 82 88 87) (12 12 90) simpleGrading (5.0 0.2 1.0)
    hex (46 47 53 52 82 83 89 88) (4 12 90) simpleGrading (1.0 0.2 1.0)
    hex (48 49 55 54 84 85 91 90) (4 120 90) simpleGrading (1.0 1.0 1.0)
    hex (49 50 56 55 85 86 92 91) (12 120 90) simpleGrading (0.2 1.0 1.0)
    hex (50 51 57 56 86 87 93 92) (120 120 90) simpleGrading (1.0 1.0 1.0)
    hex (51 52 58 57 87 88 94 93) (12 120 90) simpleGrading (5.0 1.0 1.0)
    hex (52 53 59 58 88 89 95 94) (4 120 90) simpleGrading (1.0 1.0 1.0)
    hex (54 55 61 60 90 91 97 96) (4 12 90) simpleGrading (1.0 5.0 1.0)
    hex (55 56 62 61 91 92 98 97) (12 12 90) simpleGrading (0.2 5.0 1.0)
    hex (56 57 63 62 92 93 99 98) (120 12 90) simpleGrading (1.0 5.0 1.0)
    hex (57 58 64 63 93 94 100 99) (12 12 90) simpleGrading (5.0 5.0 1.0)
    hex (58 59 65 64 94 95 101 100) (4 12 90) simpleGrading (1.0 5.0 1.0)
    hex (60 61 67 66 96 97 103 102) (4 4 90) simpleGrading (1.0 1.0 1.0)
    hex (61 62 68 67 97 98 104 103) (12 4 90) simpleGrading (0.2 1.0 1.0)
    hex (62 63 69 68 98 99 105 104) (120 4 90) simpleGrading (1.0 1.0 1.0)
    hex (63 64 70 69 99 100 106 105) (12 4 90) simpleGrading (5.0 1.0 1.0)
    hex (64 65 71 70 100 101 107 106) (4 4 90) simpleGrading (1.0 1.0 1.0)
    hex (72 73 79 78 108 109 115 114) (4 4 3) simpleGrading (1.0 1.0 1.0)
    hex (73 74 80 79 109 110 116 115) (12 4 3) simpleGrading (0.2 1.0 1.0)
    hex (74 75 81 80 110 111 117 116) (120 4 3) simpleGrading (1.0 1.0 1.0)
    hex (75 76 82 81 111 112 118 117) (12 4 3) simpleGrading (5.0 1.0 1.0)
    hex (76 77 83 82 112 113 119 118) (4 4 3) simpleGrading (1.0 1.0 1.0)
    hex (78 79 85 84 114 115 121 120) (4 12 3) simpleGrading (1.0 0.2 1.0)
    hex (79 80 86 85 115 116 122 121) (12 12 3) simpleGrading (0.2 0.2 1.0)
    hex (80 81 87 86 116 117 123 122) (120 12 3) simpleGrading (1.0 0.2 1.0)
    hex (81 82 88 87 117 118 124 123) (12 12 3) simpleGrading (5.0 0.2 1.0)
    hex (82 83 89 88 118 119 125 124) (4 12 3) simpleGrading (1.0 0.2 1.0)
    hex (84 85 91 90 120 121 127 126) (4 120 3) simpleGrading (1.0 1.0 1.0)
    hex (85 86 92 91 121 122 128 127) (12 120 3) simpleGrading (0.2 1.0 1.0)
    hex (86 87 93 92 122 123 129 128) (120 120 3) simpleGrading (1.0 1.0 1.0)
    hex (87 88 94 93 123 124 130 129) (12 120 3) simpleGrading (5.0 1.0 1.0)
    hex (88 89 95 94 124 125 131 130) (4 120 3) simpleGrading (1.0 1.0 1.0)
    hex (90 91 97 96 126 127 133 132) (4 12 3) simpleGrading (1.0 5.0 1.0)
    hex (91 92 98 97 127 128 134 133) (12 12 3) simpleGrading (0.2 5.0 1.0)
    hex (92 93 99 98 128 129 135 134) (120 12 3) simpleGrading (1.0 5.0 1.0)
    hex (93 94 100 99 129 130 136 135) (12 12 3) simpleGrading (5.0 5.0 1.0)
    hex (94 95 101 100 130 131 137 136) (4 12 3) simpleGrading (1.0 5.0 1.0)
    hex (96 97 103 102 132 133 139 138) (4 4 3) simpleGrading (1.0 1.0 1.0)
    hex (97 98 104 103 133 134 140 139) (12 4 3) simpleGrading (0.2 1.0 1.0)
    hex (98 99 105 104 134 135 141 140) (120 4 3) simpleGrading (1.0 1.0 1.0)
    hex (99 100 106 105 135 136 142 141) (12 4 3) simpleGrading (5.0 1.0 1.0)
    hex (100 101 107 106 136 137 143 142) (4 4 3) simpleGrading (1.0 1.0 1.0)
);

edges ();

boundary
(
    inlet
    {
        type patch;
        faces
        (
            (0 36 42 6)
            (6 42 48 12)
            (12 48 54 18)
            (18 54 60 24)
            (24 60 66 30)
            (36 72 78 42)
            (42 78 84 48)
            (48 84 90 54)
            (54 90 96 60)
            (60 96 102 66)
            (72 108 114 78)
            (78 114 120 84)
            (84 120 126 90)
            (90 126 132 96)
            (96 132 138 102)
        );
    }
    outlet
    {
        type patch;
        faces
        (
            (5 11 47 41)
            (11 17 53 47)
            (17 23 59 53)
            (23 29 65 59)
            (29 35 71 65)
            (41 47 83 77)
            (47 53 89 83)
            (53 59 95 89)
            (59 65 101 95)
            (65 71 107 101)
            (77 83 119 113)
            (83 89 125 119)
            (89 95 131 125)
            (95 101 137 131)
            (101 107 143 137)
        );
    }
    bed
    {
        type wall;
        faces
        (
            (6 7 1 0)
            (7 8 2 1)
            (8 9 3 2)
            (9 10 4 3)
            (10 11 5 4)
            (12 13 7 6)
            (13 14 8 7)
            (14 15 9 8)
            (15 16 10 9)
            (16 17 11 10)
            (18 19 13 12)
            (19 20 14 13)
            (20 21 15 14)
            (21 22 16 15)
            (22 23 17 16)
            (24 25 19 18)
            (25 26 20 19)
            (26 27 21 20)
            (27 28 22 21)
            (28 29 23 22)
            (30 31 25 24)
            (31 32 26 25)
            (32 33 27 26)
            (33 34 28 27)
            (34 35 29 28)
        );
    }
    top
    {
        type symmetryPlane;
        faces
        (
            (108 109 115 114)
            (109 110 116 115)
            (110 111 117 116)
            (111 112 118 117)
            (112 113 119 118)
            (114 115 121 120)
            (115 116 122 121)
            (116 117 123 122)
            (117 118 124 123)
            (118 119 125 124)
            (120 121 127 126)
            (121 122 128 127)
            (122 123 129 128)
            (123 124 130 129)
            (124 125 131 130)
            (126 127 133 132)
            (127 128 134 133)
            (128 129 135 134)
            (129 130 136 135)
            (130 131 137 136)
            (132 133 139 138)
            (133 134 140 139)
            (134 135 141 140)
            (135 136 142 141)
            (136 137 143 142)
        );
    }
    sideWalls
    {
        type wall;
        faces
        (
            (0 1 37 36)
            (66 67 31 30)
            (1 2 38 37)
            (67 68 32 31)
            (2 3 39 38)
            (68 69 33 32)
            (3 4 40 39)
            (69 70 34 33)
            (4 5 41 40)
            (70 71 35 34)
            (36 37 73 72)
            (102 103 67 66)
            (37 38 74 73)
            (103 104 68 67)
            (38 39 75 74)
            (104 105 69 68)
            (39 40 76 75)
            (105 106 70 69)
            (40 41 77 76)
            (106 107 71 70)
            (72 73 109 108)
            (138 139 103 102)
            (73 74 110 109)
            (139 140 104 103)
            (74 75 111 110)
            (140 141 105 104)
            (75 76 112 111)
            (141 142 106 105)
            (76 77 113 112)
            (142 143 107 106)
        );
    }
);

mergePatchPairs ();
