// Generated by make_contact_quadrature.py; do not edit by hand.
contactPoints
(
    (0.2 0.2 0)
    (0.2 0.2 0.1)
    (0.2 0.2 0.2)
    (0.2 0.25 0)
    (0.2 0.25 0.1)
    (0.2 0.25 0.2)
    (0.2 0.3 0)
    (0.2 0.3 0.1)
    (0.2 0.3 0.2)
    (0.3 0.2 0)
    (0.3 0.2 0.1)
    (0.3 0.2 0.2)
    (0.3 0.25 0)
    (0.3 0.25 0.1)
    (0.3 0.25 0.2)
    (0.3 0.3 0)
    (0.3 0.3 0.1)
    (0.3 0.3 0.2)
    (0.2 0.2 0)
    (0.2 0.2 0.1)
    (0.2 0.2 0.2)
    (0.25 0.2 0)
    (0.25 0.2 0.1)
    (0.25 0.2 0.2)
    (0.3 0.2 0)
    (0.3 0.2 0.1)
    (0.3 0.2 0.2)
    (0.2 0.3 0)
    (0.2 0.3 0.1)
    (0.2 0.3 0.2)
    (0.25 0.3 0)
    (0.25 0.3 0.1)
    (0.25 0.3 0.2)
    (0.3 0.3 0)
    (0.3 0.3 0.1)
    (0.3 0.3 0.2)
    (0.2 0.2 0)
    (0.2 0.25 0)
    (0.2 0.3 0)
    (0.25 0.2 0)
    (0.25 0.25 0)
    (0.25 0.3 0)
    (0.3 0.2 0)
    (0.3 0.25 0)
    (0.3 0.3 0)
    (0.2 0.2 0.2)
    (0.2 0.25 0.2)
    (0.2 0.3 0.2)
    (0.25 0.2 0.2)
    (0.25 0.25 0.2)
    (0.25 0.3 0.2)
    (0.3 0.2 0.2)
    (0.3 0.25 0.2)
    (0.3 0.3 0.2)
);

contactNormals
(
    (-1 0 0)
    (-1 0 0)
    (-1 0 0)
    (-1 0 0)
    (-1 0 0)
    (-1 0 0)
    (-1 0 0)
    (-1 0 0)
    (-1 0 0)
    (1 0 0)
    (1 0 0)
    (1 0 0)
    (1 0 0)
    (1 0 0)
    (1 0 0)
    (1 0 0)
    (1 0 0)
    (1 0 0)
    (0 -1 0)
    (0 -1 0)
    (0 -1 0)
    (0 -1 0)
    (0 -1 0)
    (0 -1 0)
    (0 -1 0)
    (0 -1 0)
    (0 -1 0)
    (0 1 0)
    (0 1 0)
    (0 1 0)
    (0 1 0)
    (0 1 0)
    (0 1 0)
    (0 1 0)
    (0 1 0)
    (0 1 0)
    (0 0 -1)
    (0 0 -1)
    (0 0 -1)
    (0 0 -1)
    (0 0 -1)
    (0 0 -1)
    (0 0 -1)
    (0 0 -1)
    (0 0 -1)
    (0 0 1)
    (0 0 1)
    (0 0 1)
    (0 0 1)
    (0 0 1)
    (0 0 1)
    (0 0 1)
    (0 0 1)
    (0 0 1)
);

contactPointAreas
(
    0.00125
    0.0025
    0.00125
    0.0025
    0.005
    0.0025
    0.00125
    0.0025
    0.00125
    0.00125
    0.0025
    0.00125
    0.0025
    0.005
    0.0025
    0.00125
    0.0025
    0.00125
    0.00125
    0.0025
    0.00125
    0.0025
    0.005
    0.0025
    0.00125
    0.0025
    0.00125
    0.00125
    0.0025
    0.00125
    0.0025
    0.005
    0.0025
    0.00125
    0.0025
    0.00125
    0.000625
    0.00125
    0.000625
    0.00125
    0.0025
    0.00125
    0.000625
    0.00125
    0.000625
    0.000625
    0.00125
    0.000625
    0.00125
    0.0025
    0.00125
    0.000625
    0.00125
    0.000625
);
